0
056
057
058
059
06
079
087
093
094
10011
100269
1002691
100279
10028
10036295
10038
1005
100568
100572
10062
100666
1007
1007038
1007103
100727
10078
1008
100817
1008282
1009
100914
10098
100985
1010153
1011
101106
101183
101187734
10119
101254
10131
101364
10144628
1015
10158
1016
101615
10162
101785
101874
10199
102
1020032
10215
10218
10219
10224
10233
102395
1024
1025
10251
102525
10254
1025544
102569
10261
102616
10263
102631
1027606
102786
102797
102799
1028
102825
102834
102852
102891486
102892
1029
102929
1029872
103
103034
103067
1031
10318
1032
10321
1032274
103238
10324
103277
1033317
1035026
103581
103595
1037
103861
103868
10387
103968
103978
104
10408
1040974
10412
10414
1042
10427606
1043
10435
1044
10441
10448
1046
1046793
1047
10474
1048
104809
104855
104879
104894
104962
105008
10506
1051
105205
105244
10527
1053
10531
10558
1055879
1056
105643
105801
1059282
1059835
1061
10614
1062
10622
10634
106369
10649
1065
106507
10651
106546
10657
10659323
1067
106756
1068
10684
10685
106898
1069
106991
107093
10716
1072
107257
107305
1074
10741
107498
1075
1075096
10756394
10764776
1077
10801
10823
10824
1083947
10847
108524
10858
10862
1087
10871
10873
1087731
1088
1088621
108891
1089
108912
109
109037
10906
10915
109239
1093
10931
10935
109415
10948
10951
109555111
10956
1096
1097
109805
10984
1099
10991
10998
11004
110159
110184
110185
110296
1103
11036
1104
11043
11045
110479
110499
11065
11077
11079986
1108
110825
11088
1108804
11093
110939
11094
11102
11104
11107
1111
11119
1112
11123
111285
11134
111488
111544
1116
11169
1117491
11178
1118
111883
1119
111968
112031
11204
1120721
112098
112177
1122
1122213
112245
1122474
11245
1124698
1125
1125222
11254
112552
1126
11268
112761
11276556
112798
11287
112968
11304
113076
11309369
113192
1132
11322
11323
1132829
1133
1137207
113734
113773
113926
11394
11399
114
1141
114207
11423
11431
1144
114418
114428
114507
11455
11457
1146
114633
114635
1146786
11469
11473
114738
114781
1147867
11479
1148
114842
11486
11491
1149449
11495
115016
115083
1152
115228
11522906
115234
115349
115422
11549
1155
1156
115646
115674
1157
11574
1157946
115826
11594
1161
1161249
1161604
116171
1162
1162049
11622
11627
1163
116445
1165
11652
116585
1167
116722
1167507
1167571
1168
116832
1169
116986
117
117088
1171
117101
117167
117322
117345
1174
11747
11748
11757
11761
11766
1178
117843
118
1181
118107
1181218
1182
118202
11824
118291
1183
118357
118391
118433
1185
11854
118675
11869
118733
118744
118793
1188
118817
11885
1189
11905
119097
1192
119203
11922
119369
1194
11942
11944
11949
1195
1195981
119621
1197
1197416
1198
119879
11988
11996
11997
12
120032
120114
1202
120234
1202756
120335
120435
120523
120565
120574
1206
120661
12068
120702
120765
120821
12084
12091
120923
12097
12104
12106
121092
121103
121128
12116
1212
12122
12124
121441
12148
1216
12168
1217
12178
121826
12185
1219
121957
12199
122015
122038
1221
12212
122335
1223354
12234
12244
12249
1226
12266
12276
12278
1228
122908
12309
1231
123173
123317
1234031
12343
123538
1236
1238
12388
12389
1239491
124097
1241
1241436
124231
1243
124304
12435
12438
1244
1246
1247
12472
124733
12479
1248
1249
124947
125
12502
12504
125154
125272
125274
125325
125454
12555
125551
12558
1256
125621
12563
125674
125679
125752
1258
125816
1259
12594
126023
1261
126204
12624
12635
12637
126387
126514
126572
1266
126618
12685
126956
12698
127
127088
127125
12713
127147
12718
127186
127197
1272
12728
1273
1273012
1274
12742
1275
12752
12759
12762
127636
12783
128
128066
1280689
1281
1281453
128163
128219
1283
128349
128354
12839
1284
12846
12851
128534
1286
12861
128649
12865
128727
128735
128767
1288772
128923
128934
12894
12899
1291
12912
129225
129342
1294
12942
12952
12958
12963
129666
12972
12974
129757
129762
12978
129797
1298
12981
12983
129845
1299
1299037
12993
12997
129972
13
130091
13012
13014
130243
13035
130396
1304
130536
130584
130682
13069
13072
1308
1308367
13085
130884
1309
13091
130916
13094
13097
1309966
131027
13104
13109
1311725
1312
131388
1313984
131442
13147
13149
131501
13152
13156
1315794
13172
131771
131788
13187
131879
131934
132
13207
132104
13211
132358
132393
132397
1324
13253
132658
1327
13272
132727
13277
13283
132832
1329
13295
13298
133019
13314
13317
133242
13335
1334
13342
13343
133485
1335
13359
133596
1336025
1337
133741
1338
133833
1339
134
1340765
1341
13424
13436
13445
13465
1346999
1347
1347753
13485
1349
1350253
13503
13504
1351
13511
1352
135317
135332
13537
1357
135882
13593
136016
136078
136094
1361
136232
13625
13626
136266
136321
13634
136374
13642
136446
1365
1366
1366012
1366137
136617
136664
136783
136885
137
13705
13706
13708
137093
13721
1372678
1373
137366
1374
1375
1376
1378
137897
1378973
137958
138
138046
138051
13808
138101
138124
1382
13821
13825
1383
1384
13848
138485
1385
1387
138816
1389
138934
13894
13898
13907
13915
1392
1393
13931
139533
13959
139688
1396932
13972
13982
139922
140125
14013
1402
14024
14029
140291
14044
1405
1406
14071
140736
14084
140841
1408531
14101
14106
1411
1412
1413
1414
14147
1417
14172
14176
1417904
14181
141881
141893
141904
14193
142081
142113
142229
14225
142446
142502
14253
142644
142668
14276
143
143087
1431
143103
1433
143312
143362
143416
143561
143628
1437
14374
1439
144
1441
144211
1443
1443376
144386
144448
14457
1447
144795
1448
1449431
14495
145034
1452
14529
1453
145352
145356
1454
1455
14557
145594
14561
1457
1458
14595
1460639
146087
1461998
14641
146435
14645
146456
1465
146645
14667
1467
146776
1468
146954
147
14707
147156
1472
1473
14742
1476
1477
147767
14777
14789
1481
148238
14854
1486
1492
1492411
14931
14934
14944
1495
1496
149821
1499
15
1501
1502822
15047
1504953
1505
1505383
15061
1506806
1507
1511
1514
151479
15156
151584
1516986
152
15232
152536
1526
1528
15281
15299
1531
153141
153399
153442
1535
15351
153524
1538
1538285
153955
154022
154071
1541467
154197
1542245
154233
1543626
154405
15447
154479
1545
1546
154642
1547
1548
154809
15509
1551
1552
15537
155468
1556
1556567
155677
155713
1558
155817
155831
15588
1559
155998
156
156017
15604
1561
156151
15618
15636
156828
156888
1569
15695
15704
157055
1572
15721
15738
157382
1574
157406
15748
1575
15758
1576
15784
1579
15819
1583
15842
15849
1585
15857
15864
158691
15871
158778
1588
15897
159
159069
1592
159247
1593
159345
15968
1597
15979
1598
15982
159825
159858
1599
159962
16
160041
16008
160146
160196
1602
16022
160436
16049
16057
160602
16074
1608
16111
1612
1613
161307
161308
161313
1614
1615
1616
16167
161687
161806
16181
1621
162317
1624
16242
162463
1624818
162547
16267
16298
16301
1631
163204
1634
163415
16359
16372
16378
16386
16396
1641
1642
16423
16427
164289
164377
164501
16454
16469
1647
16471
164715
164731
1648
1649
16493
165
16505
165079
1651
16523
165369
165436
16566
1657
1658
1659095
166
16603
16612
166219
16622
16657
16661
1666414
1667
16676
16683
1668771
1669
166965
167048
167145
1672
1672418
167337
167414
1675
16751
167563
167804
16783
167921
167968
168
16801
1681
168153
1681611
16817
1682
168282
1683
168301
16835
168423
16848
168528
16854
1687
168753
16882
1691
16914
1694
1694653
169498
1695
16951
16954
169617
1696445
1697
169709
169796
16983
16985
16991
1699109
1699324
17
1700296
170042
170055
1701
1701277
1701798
1701802
1703
170588
170636
1706624
170701
170726
1707503
1709
171
17101
17102
17107
1711092
17112
17124
17137
1714
17145
17148
1714944
1715
171509
17155
17156
1716
17162
171673
172
1721
17212
1722
1722493
1724
17245
1725
17263
1727005
172887
172923
173
17308
173138
17316
17323
173257
1733
1734
17355
1736
1737
173747
173778
173787
17392
174114
1742
1743
17431
17438
174394
1744
17443
1745295
17458
17479
174831
174986
175
17504
17507
1751
17517
17526
1754
175485
1755107
175551
17556
175699
17577
17578
1759
176
17636
176381
17658
17662
176662
1767
1768
1769
176991
176995
177024
17711
177111
177174
1772
17731
177369
177467
1775
177512
177569
177597
177762
1778
1779
17809
17812
1782
178235
1784
1785
17852
17857
1786
17868
17875
1789
17901
179063
17919
1794
179432
17944
179515
17966
179669
17977
1798
179891
1799
17993
18
18002
18017
1802
180241
1803
18033
1803797
1804
1805
1807
1808
18093
18106
1811001
1811084
1812
181266
1813
181374
1814
181425
18146
181682
1817
18184
18187
1819
182
182008
182076
1822
18233
18235
1825
18272
18278
182868
182878
18301
18303
183181
183207
183234
1833
183306
1835
18353
1836
18381
183819
183831
18387
1839
183931
184
18404
1841
18415
18416
18417
18436
184367
1844
184463
184477
1845
18451
1846
18468
184692193
18484
18487
18489
18514
18516
18538
185393
1854
1855
18556
1856
185721
185799
18587
1859
186
18616
18624
1863
1864
18644
18647
18651
1866
186733
1869
186919
187003
18705
1871
1872
18739
18747
1876
1877
18776
1878
18783
18784
188079
1882
188209
188236
1885
188505
1886
18871
188902
18906
189068
18909
1891
189131
1892007
1892244
1893
18931
189451
1896
189607
1898
18987
18996
189999
1901
19017
19032
1904
19043
19045
190453
1905
190684
1907
19073
19074
1908
19084
190891
190892
19098
191
191007
1911
191107
19113
191185
1912
19121
191337
19138
191399
1915
191518
19159
1916
191675
1917158
191905
19192
192
19209
1922166
192261
19237
1924
19257
1926
1929
192964
19309
1931
193417
19341907
193446
1935
193621
19376
1938
1939
1943
19433
194459
19466
1947
194797
1948
1949
194929
19495
194978
195208
195313
19535
1954002
19553
195557
1957
19571
19573
195743
195783
1958
1958337
1959
1964
196403
19653
19654
1965732
19666
1967
19678
1969
19695
19707
19708
1971
1972
19753
19754
1977
1978
19783
198
19802
1981
19811
1982
1984
19842
198427
198517
1987
198736
19877
198793
1988
19897
19904
199194
1992
19923
19926
199269
19934
1993574
199393
19951
1997
19971
199717
199794
199814
1999
20001
200054
2001
2004
20041
200642
2007
20078
2008
200805
201
20102
20105
201142
201349
201665
201819
20185
201937
202057
2022
20225
20226
20234
20239
202487
202825
20284
20288
20303
20312
203149
20324
203362
2036
20368
2037
203712
20373
2039
203959
204
204003
2042
20432
2044
20442
2048
20484
2049794
205
20528
205299
2057
20585
20601
2064
20641
20644
2065
206506
20671
206772
20681
207078
207164
2073898
2074
207513
20764
2077
208095
208164
208225
20824
208251
208253
20838
2085
2086
2087466
2088
20882
20891
208992
20906
209144
209231
2093027
20934
20943
20956
209636
20967
209679
20973
2098
20999
2102038
21054
2107
2111
2111629
2112
2112935
2113
21132
21155
2115645
21174515
2118
21187
21207
2122
212206
21241
212479
21265
21268
2128
2129
21294
21297
21308
2131142
213171
213225
213255
2132592
21353
21355
21356
21359
21375
21377
21392
21395
21399
214
2140301
214049
214094
2141
2142
21421
21424
21428
21433
21435
21441
21446
2145354
21456
21463
215
215003
21501
21505
2152
2154079
21548
2155
215514
21556
21564
21576
21595
21597
216041
2161
216207
21621
21623
2164
2165
216692
2167
216725
216836
21689
2168976
217
21708
2171
2172
21724
2175
21786
21801597
2181
21812
21817
21829
2183
21844
21852
2186
21863
218664
21874
21878746
21886
21892
21895
219
2191
21925
2193
2194
21955
21974
2199
22002638
2201304
22026
2204
2205
220517
22059
2208
221
22103
221038
22111
221228
22126
2215
221684
22179
22189
2219
222
22201
2221
22222
222551
22264
222752
22282
22301
22302
22311
223125
2232
2234
22344
2235
2235301
22365
2237
22371
22374
2237878
223831
22408
2242
22431
22436
2244
224432
22444
2245
2248
225072
2251
2252
22523
22525
22532
22547
2256
225653
2257
2262
2263
22647
2265434
22666
226695
2269
2270469
227064
22724
2274
2275366
22764
22765
2278
22791
228
22803
228054
22819
2282
22869
2289
22893
22901
22929538
2293
2294
22954
2296294
229761
22977
23007
2301
230198
2302
23034
2305
23056
23058
2307
2308
231099
2311116
231289
2314
2316
231668
232
2322
232318
2324
23241
2326
23275
2328
233
23315
2331708
23318
2332
23326
2333997
233477
2335
2336
23365
23366
233842
2339
23398
23413
2343
23436
2345
23459
2348
23494
235
235198
23539
2354
235538
2356
23563
23576
2358
236
23602
2362
23627
23656
2367
2368
23693
23709
23741
2378
2379
23794
23798
238
23822
23832
23833
23841
23842
2386
2387
2387883
239
23905
239171
23926
2395
23954
23966
23975
23978
2399283
2399454
2401
2402
24026
2403
2403069
240323
2404
24048
2405
2406884
2408
24092
24094
241164
24128
2413
24144
2417
241787
2418
2419
242132
24215
2422
24251
24288
243
24311
2432
243402
2435
2435223
244
244146
24415
2442
2447
2452
2452777
2453
245317
24554
24561
24575
246
24605
24608
24629
24633
246524
2466
246714
24679
24699
247
24703
2471
247328
2478
248103
248188
248271
24829
24838
24844
24851
2486317
24866
24883
2489
24893
249
24904
2493
2495
249523
249577
249781
2501
25013
2502
250347
250657
25077
25078
2508
2509
2511
25119
2515
251722
25193
252
2521
252218
25231
25251
252548
2526036
2528
252903
252993
2531
25315
253156
25339
2534
25341
253417
2536
25382
25384
2539
25395
25402
25407
254103
2542
2543
25441
25456
2546
25494
25496
25501
2552
255265
25562
255641
2558
25587
2559
25608
25614
256157
2563223
25646
25647
2565
2567
25683
25692
2569667
257
25704
2571
25756
257766
258
2582
25857
258607
258908
259048
2591
2592
2593
2594
2596
2598861
2599089
26001
26002
26005
26015
2603
260436
26048
26064
2608
260821
26102
261027
26113
26126
26148
2617
2618
26185
262068
26226
2623
262338
262457
2627
26275
26298
263
26319
263262
263279
2633
263538
26363
2637
2637249
2638
264
26403
264076
2641
2642
2642493
2644
264555
2646
26479
2648
2649
2650214
2652423
26537
2653863
26543
26547
2655
265702
2659
26616
2662
266209
26628
2662994
26636
26649
266521
2667
26678
26682
26683
26685
26688
2669086
26697
2669992
267
2672
26722
26738
26742
267552
26816
268577
26858
26904
26907
2692
26924
2693418
269344
269638
269739
2698247
26991
27
2701
27014
27057
27062
2708
271039
27106
2712
27124
27161
27173
27205
27215
2724
2725
2726
2727
2728
27286
27293
2729404
27303
2734
2735
27374
2739
2739352
274
27404
2744
27442
2746
27482
275027
2751
275195
275764
2759
2765
27656
2766
276612
2767
27676
2768
27685
27693
277051
27706
2772
27725
27763
27767
2779
278
27812
27817
27843
278532
2788
27886
27933
27934
27935
2794
27942
27944
279479
2795
27973
27991
280
2804
28045
2805
280562
28064
2812
281331
2814
28168
2818
281861
2818939
2819
2821
2822
28229
28245
282498
28253
282586
2827
28271
28276
2828
28289
2830062
28322
28327
28345
2835
2836
28403
284189
2844
2849
28511
28519
2854
28554101
2856
285697
2857
286
28606
2868
28693
28699
287
2872
2874
2874053
287493
2879
28796
28806
28834
2883533
2885
288579
2886
2889
289
2893203
2894
28954
2898
28987
289952
29
290025
2901
29017
2903
290333
290487
290548
29056
2907
290868
290871
291
291041
29124
2916
2917
29181
2929
293
2931
293243
2934652
293516
29352
2937
293746
2943
29454
2948
29502
2952
2956
2958
2959
29598
2961
29617
29618
29621
296239
296265
2967
29674
29675
2968
297
297147
2972
29727
29735
2974
297468
2976
29767
2977
29797
297974
29801
29802
2981
29828
2984066
2986
29868
2988
29887
299
299085
299108
29913
2994572
299581
2996
2996646
2997
2998
30065
30079
3013
301301
3015
30167
301859
302
3025
302709
302892
303
30325
30328
3033
30331
30351
3037
303892
30406
30408
30442
30447
30455
30467
3048
305331
30549
30579
3059
306062
30618
30619665
3064
3065
3067
30676
306843
3075
307633
3079
30794
307947
308
30834
3088
309156
3092
3094
309496
3099
310059
3103
3104
310568
3106
310699
3109
311256
3115
3116
3117
3118505
3119
31202
31208
3121
31231
31235
312382
3125
3128483
3131
3132
3138
313843
314
31402
31406
3142
314201
314502
31473
3147985
31486
3151
31533
31535
315393
3161
316196
3162
316525
31657
3168
31691
317
31717
3173
317435
3175
317602
317928
31801
318143
3182
3183
3186
3187
31875
3188
3189
3194382
3196
31993
31994
3205
320576
32073
320902
321077
32108
3213
3214
3215
32175
321762
3219
322
32203
3221748
3223
3224
32242
322479
3225
322566
322682
32281
32301
323455
323539
323596
3236
3238
32398
324182
3244
3245
3247947
325
3251
325515
3257
32579
3259
326
32634
326359
32637
326491
3265
326893
327
327169
327231
3275
32779
3279
32795
328
32807
3281626
3284
3286
32884
329232
32939
32947
3295042
32968
329884
32997
3300488
3301
3302
33026
3303
33046
330641
3308
330839
3309
331
331155
331206
33143
3315
3316
3319
332035
332191
3322
33235
3324
3325
3326
33272
333
33327
333368
33356
33374
3342
33448
334552
33458
3346605
33486
33488
3349
33502
335183
33526
33544
33554
3357861
3358
33581
3359
33606
33639
336488
33651
336689
3367
3368
3369
33707
3372
33727
337482
337497
3378132
33803
338153
3382129
33829
33845
33846
3385
3386
3387
33898
339
33903
339057
33925
339255
33929
339324
339638
33967
33991
33997
34
340478
340649
3408
34119
34121
34139
341395
3414072
3416
3419
342001
3422
342475
342479
343382
3436
34401
34413
3444
3444568
3449
345
3451
34538
34582
3459
3459452
34602
346216
34674
34675
347
3471
347757
34779
3482
34822
34833
348369
34843
348648
348904
3493
3494
3495
34955
34986
35
35022
350289
3503
35093
35101
35133
351342
35149
35163
351724
35177
35181
35191
35194
351995
352
352477
352604
35275
35282
3538
353896
354112
3547
35486
3550941
35527
355442
355506
35571
3559
35599
3565
356673
3569
3569184
356928
356982
356994
35704
357064
35715
35718
3572
35729
35732
357619
358
35823
35827
35868
359
359015
35961
35963
359814
359942
36015
3604
36049
36072
3608
3609
360964
360986
36117
36118
3612
361279
3614
3617
36185
361865
36191
362146
36275
363
363758
36393
364
364024
364314
364513
3647
365
36518
365262
3654
36546
3655257
3658
365831
3659
366
3661
3667
3672
3676
3678503
3681
368488
3685139
36865
3687
3688
36883
3689
36891
368977
36907
3691016
369157
3692
369394
3695
36955
3697
3703
370568
3708
3709
37153
3717
37187
372
37214
372142
3722
3724
3725664
3727
3728
3728581
373
3730744
3734
3736
37363
3737
373761
373827
3741
3744
37448
375
3751
37518
3754
37565
3757
3761
3762
376978
377
3771
377151
377313
37738
377575
37784
3782
3785
379
3792
379335
379377
37941
38
38016
380288
3805
3807
3808
3809
381193
3812
38134
381454
38153
38158
3816
381825
381967
38217
3825
38286
3838
38443
384487
3847
384727
38478
38492
385005
3851
38521
38529
3856
38584
3861
38627
38634
3864172
386763
386766
38687
38739
388
3881
3884
38877
3888
3891
3892
3893
38937
389412
38981
39018
3903745
390492
3905
3907204
39087
390903
3914
3918
3919
39212
3922
3922216
3924
39292
39336
39362
3941163
3945
394507
3949
3953
39542
3955
3957084
3958
3963
3965
397
3971
3973
39762
3978
39781
3980176
3991
3992355
3997
40008
401
40105
40116
4018
40193
402
402079
4024
4027
40281
4028868
4029
4029598
40308
40333
4034
4035
4037
4038
4039
4043
40431
4044
4046
40487
405
4051
4054
405588
40607
406646
40683
4071
407675
40819
40885
409
4095
409736
4098
41004
410288
41043
4105
4107
41077
4109
4111
4112
4115
4118
4119908
41227
4123
41248
4125
412538
412931
4131
4132987
414288
41474
41565
41567
416
4161
4165
416591
4166
41668
4167
416832
41702
4172
4177
41771
418
41824
418291
41855
4187
4189
41937
41962
419661
4197
4203
420454
420486
4205
4208
42119
42134
4217
42177
4217935
4219818
422
4224
42242
4226
423143
42343
42344
4244
42441
42461
42466
4251
425178
4254
4257
4258
42586
4261
4262
4264
4265
4269
4271
4273
427344
42775
428
4282
4283
428391
4284
428722
428744
4287673
428801
4289
429146
4292
4294
42943
42944
42959
4301
4306
43099
431
4316
43189
43203
4323
43238
4324
4328
43296
43306
4332
4335
43354
4339914
4342
434355
4346
43471
43474
43486
4349
4351
4353
4354
435535
43576
43591
43598
4361027
43644
436526
43658
43667
4368
4369
43712
43739
437775
43778
438182
4383
43845
43858
43908
4391
4392
439556
43959
4398
44
440766
4408
4409
44104
44105
44109
4411
441784
4418
442089
4421
4422
442431
442698
4429
443
44325
4438
444
4441
445
44518
4452
44525
4456
44563
44569
4459
4468
44684
44693
4471
44739
4475
4476
44768
447892
448
4481
4485
448595
4486
44867
4488
4491
449879
4499
44991
45008
45059
4506
4509041
450932
45105
4512
451882
4519
452
452368
45254
45264
45299
453
45311
453402
45421
454473
4545
4547
4549
4552
455508
4556
455733
456
4561
456364
45639
4564
4565
457
457052
457082
45709
4571
45724
4575
45863
4589
4591
459291
459383
4594
45946
459841
46007
4603
46035
4607
4608
46081
461
4614
4617
46173
462
4635
463902
4646
4647
464785
465
4651
46517
46519
4652
465315
46547
465513
46576
466
4665
4667
4669
467403
4678
4679
468243
46862
46899
46927
4697
46984
47
47015
47032
471
4713
4714
4715
47219
47283
47284
47286
47313
47378
4738449
47419
47423
4749
47493
475
47503
47517
4753
47542
47558
4756
4757
4758
4761
47613
4765
4767
47695
47704
4772
477256
4782
4784
4785
479
47904
4791
47943
4795
47955
4797
47973
47989
47994
48
4806
48069
481
481658
48218
48229
4823
48254
4829
48297
48314
48381
48393
48395
484237
48425
4843
48431
48435
484444
484589
4846
484767
4849
485
48509
48529
4854
48552
48635
48638
4865
4867
48674
4868
48694
4871
48795
4887
48898
489
4893
48933
489516
48979
4899
4901
4902
49028
49037
490887
49089
49096
49125
49164
4923
4926
493276
49332
493664
493679
4939
49405
49456
49485
4950379
495064
4951
49516
49545
49549
4956
4956063
4957
49583
49636
4964
4965
49672
4968
49705
4975
497738
49779
49796
49798
498012
49859
49865
49869
49876
499
49912
499274
499335
499486
4995
499636
4998
50005
5004
500923
500935
50137
5015
5016
502
50221
50237
502585
502731
503
50312
5031808
503712
504188
50436
50464
5047
505
5051112
506
5066
5071
5071809
50725
5074906
5075
50759
5077
5085
50856
50866
5086993
50874
5088
5095
5097228
50973
51
510372
51051
51081
5109
5116
511735
51191
512
51215
512202
51222
512378
512593
513
51311
513564
513887
5139
5141
5144
5147
51511
5153
5159
516
51615
517273
51735
5178
51785
518
5181
5182
51833
51847
5185
51861
51868
51891
519
5196
51965
51969
51981
5202
52045
520587
52082
521
52107
521124
522
5226
522611
5229
523
52329
5233
52333
52338
52368
523899
524
5241
5244
5245
52486
52492
5252069
52525
52553
5256
5258
526
526032
5262
52652
5269
527071
527131
527134
5273
52752
52794
5282
529
5294
52942
529432
5298
53008
53039
5304
5308
5308683
5309
5312
531388
53153
53154
5319044
532
532195
53298
5331
53328
534
53407
5346
53467
5348
535
535316
5361
536491
537
5371
5373
53744
53783
53786
5382
538928
539
53961
5399
54
5402
5405303
540874
5409
54095
54119
5412
5414
5419
542
54217
5424581
54273
5429206
543
5432
54325
544
5441
5443
5443461
5449
545
54501
545284
5453
5453328
54545
5460727
546297
54713
547375
547708
548
5483
549
54906
549094
5497
55
5501733
55043
551
5517
55177
551988
552
5526
55273
55278
5528706
553
5532
5532841
5535
55353
55358
553789
554
55401
55421
5546216
5547
55495
555
55547
556
55619
5562
55628
556661
556895
556987
557
5572157
5584
558622
55869
559
5591
559569
5596
5599
56
56029
5607891
561
56144
561459
561472
5616
561648
5617
562
56201
56205
56213
56236
56248
562614
56262
5627
56304
5631
564
5641
564251
5646
56462
56473
565
565937
566
56605
5669
567
5672
56729
5674
567404
567674
567794
568
568126
56819
5687
5691
569893
5707
5708
5709
571
5712928
571322
5714
571468
571791
5718
57235
57267
5729
5731
573231
57361
5737299
57387
57396
574
5747
575
5755
5755033
5756
57579
5759
576
5763
576414
576524
576559
57686
57689
577
5771
5778451
57787
5784
57864
579
57934
57961
5799971
58
5804
58047
5805
5808
581
58143
5815729
582
5821
58212
5822
5823
5823072
5824
583
5832
583263
58374
584
58432
5846
5847
58474
5847908
58505
5851
585242
58541
585733
586
5861
5863
58681
587
5872
5873145
587613
587904
588
5889
5893
5895
5896
5898
5899857
590
5901
59025
5905
59056
5907
5908
59092
590969
591
5911
5913208
5915
59152
592
5920608
59243
593
59324
593318
594
5948
594803
59547
5955
5959
596
59696
5971464
59748
5983214
6003311
6007
6008311
6015
6026
6028365
6029
603
6035313
6043
60446
60458
6048
604839
604945
605572
6059345
6077
60778
608
6086
6094
6097
6099
6101
611
61128
6115679
61184
612
6124
61261
6127
6128
6136
614156
6142
61452
614596
6147
615
6158
6159
61594
6159863
61629
6165
6168
6170445
6177227
6179
618
6189
619
61906
6199
6206
62061
62086
62089
621
621017
6214
622
6221
6223
62232
622745
6229
623
62308
62342
6238
6239
6242
6247
624814
62487
6258
62584
62687
6269
6273
62742
627594
627775
62784
6279
6281376
6281413
628928
6291
6294
630133
6302
631
631221
63127
631281
63135
631397
6318
632
6323
633
6331
6332
63323
633564
6336
633653
63369
6337
6342
6343
6345
6348
6353
63533
636017
6364
63651
6369
6372
63829
63864
639
6399
639914
64
6405
6408
641
6412
64149
64163
641639
641645
641796
6419
642
6423058
6425
64278
6428
643
6435
64358
6439
644
6442
6443
64465
64468
6449
644966
645
6451
646
6467
6472
64791
648
6493
6496
6499
64995
6507
65161
6522
653
6531
65348
6537
6538
65391
65395
65428
65456
6547
65499
655
65518
655399
65543
656
65602
6566
65753
65778
6578
658024
6587
6589
65911
65912
65926
65952
6598
659841
6607
6626
66269
6629
663
664
6641
6648
66499
665
666
6661
66612
6662
66655
6669
66707
6674
6679
668
6683
66881
669
6692
6694
66948
670435
67085
671
6716
67164
67191
67196
67223
67229
67236
67362
673656
67417
6748
67512
6753
675597
6756
67598
676
6762
67628
67729
67781
6779
67855
67857
67931
6794
6795
67986
68
68036
6816
68162
682
6824
6828
68298
6835
6837
683806
684
68402
6841
6844
68453
68546
6856
686
6863
68633
68671
686765
6872
68725
688
688025
68816
68823
6883
689
68905
6891
689375
68942
6895
69017
69028
6912
6914
69196
6926
693
69313
69325
69353
69362
69376
69434
6949
695
696
6963
697
69705
69778
6979
69834
698784
69901
69974
6999
70045
7008
70102
7018
70198
7021
703231
703401
7039
70394
7047
705
7051
7052
70544
706
70616
7064
70664
7068
7074
70749
70767
708
7083
708305
7088
7092
70936
7097
7099
71
71057
711
7118
71191
71203
712046
71226
7124
71266
7127
71276
7135
7143
71456
71478
7148
7152
7158
7159
716
71609
7169
717
71759
718259
718341
7186
71904
7192
71945
71992
72
72046
7219
722
7222
7238
724
72406
72416
7242
7247
72495
725429
72544
72562
726
727
72745
7278
72787
728
729332
729431
729512
7297
72978
73
73022
730307
7311
7312
732987
733
73342
735
7363
73646
7366
73689
737
7376
73794
73806
7384
73915
73923
7393
73966
7397772
74
74009
7403
74214
7423
74284
74339
7445
7448
7457
7459
7477
7478
74783
7489
7492606
7504
75065
751
7513
7523
7524
7532
7533
7536695
754
7547
75489
7549
75538
75549
757
7572
75724
759
7594
76033
7606
7621
7623756
764503
7647
764912
76494
765
76515
765367
7654
76553
7661
7662
7665314
7676
76768
76817
768193
7682
76823
7687
7697
769705
7698
7699
77
7700614
77032
77049
771
771479
7718
77181
772
773191
77349
7735
77446
7745
7746
77463
774879
7749
775704
7763367
777367
779
77926
779581
7799
7802
7806
7807
7814
7815
782
7824
7825
7839
7841
784174
7842
784391
7844
785
7851
7852
786
7873
787639
788
7881
788881
78909
7892
78931
78946
78979
790538
79206
793
7934
79484
795113
7955
7955817
7958
796
7963
79635
7966
7967
7969
797
7971
7973
7975
7976031
7981
79832
7984
79848
799636
799829
799845
8
80008
8001
8002
80037
8009
801
802
8021777
802187
8024
80279
803
803499
80424
8043
8043405
804835
804901
805
8068
8079
808
8085
8088
8089
80923
8093
810182
811
8114
8117739
813
8131
81319
8132
8138811
814
81423
81434
8144
814822
814943
8159592
816
817
8174
81764
8178
818
8182
8186
818973
820545
82074
8209
821
82104
821041
821154
8212
82137
821661
8222
8226
8238
8248
8259
826
82601
8261
8271
8277
82783
8279
828
82821
8288127
8290003
829065
8299
83
8306
831
83145
8315
832
83261
833
83436
8345
835
83574
8359
83597
83627
83716
83742
838
8383
83856
839
83929
83999
8403
84202
8423621
8426
8428
84302
8432829
8433
8436
84459
845
84594
84606
8464484
8472
84776
848
8481
849
850121
85016
8502
85042
8506
8514719
852158
85266
85377
854
85427
8546
8551
85531
85594
85641
85663
856711
857
85707
8571
8574
8585
858553
8589
859399
8595
8596
85977
8598
86
86024
86053
861
86149
86282
86286
86307
86355
86492
865
8658
865866
866
86638
867
8673
86749
86752
86754
8676
8680956
868329
86884
869304
869722
8703757
8708
871
87105
8711
8712
8717
8718
872
87222
87249
8735
87357
874
8743
87469
874901
875603
8757
8762
8768
877
877858
87825
8786152
87889
879
87962
8797
8799
88
8802
88052
88086
881193
882
88232
8828
882837
88295
883
884
8841
8842
8844426
885
88615
887
8874
8875
88757
888
8885
889
8891
889242
8897
89071
891
8912
891245
8914
89291
893
89327
89357
8944
89471
89548
89614
8963
89759
8978
89851
89862
8986241
899084
8991
900281
9005
90082
901
9015
902
90244
9026
9031
9041
904248
9048
906
9060187
906408
907
90727
9077
908
909
91
9114
9118
9126
9128
9136057
914097
9145
9151
91554
9158
916
9169
91767
91793
9194068
9195
92
9203
92031
9210032
9215
9216
9223
92271
924
925
92524
925797
92617
927
9279
929
92912
9298
93017
9302
931
9313
93165
9334
933697
934
9341
9347
93589
93605
936087
9379
9381
9387
93897
939
9402
94023
940443
9405
940775
941
94185
942
943
9434
9446
944614
9453
946
94634
94715
94739
9475
94769
9484
94866
94882
948847
95
9508
95126
95135
952
9524
9526
953332
953344
95348
953914
95425
95478
955
9561
9569
9575
957891
957953
958267
9593
9599
95998
9601
961
961257
9613
96194
9623742
9633
9635
96479
9649
96492
9652
9652523
965425
965885
9674
96861
969214
97
9701
970307
970452
971
97109
97275
9738
9746
97486
976
977
97711
9785
978574
97918
9793
98025519
98039
9806
98071
981
9812833
981868
98397
984
98409
9846
98489
984892
985
9854
9872
987464
988
98888
989
989111
9894
98947
99075
991
99106
9916
991835
992934
9933
9934
99361
9940
99441
9953
996412
996469
99781
998
99876
998789
9989
